200.00 200.00 200.00
750.00 650.00 300.00
400.00 750.00 750.00
85.65 236.81 801.27
582.16 94.13 433.13
479.05 159.74 734.58
113.67 391.23 516.74
430.63 586.80 737.84
956.27 284.20 648.55
696.22 292.72 1.49
973.46 298.40 313.99
891.71 585.16 471.31
773.28 30.35 706.97
374.24 90.85 660.50
931.46 207.19 630.09
298.16 741.76 722.16
218.72 829.89 657.65
682.80 820.08 428.57
758.71 878.48 102.32
849.77 393.93 479.68
146.33 698.43 291.98
871.14 275.37 561.81
399.66 612.91 196.64
180.29 746.86 752.22
566.98 921.08 205.78
